  7.0000000e+000  2.8447939e+000
  7.6331658e+000  5.3999927e+000
  8.2663317e+000  7.4018017e+000
  9.2160804e+000  1.1372162e+001
  9.5326633e+000  1.1991275e+001
  1.1748744e+001  1.6337326e+001
  1.2065327e+001  1.6928203e+001
  1.2381910e+001  1.6646870e+001
  1.3331658e+001  1.5605564e+001
  1.3648241e+001  1.4778585e+001
  1.4281407e+001  1.3772688e+001
  1.4597990e+001  1.2619370e+001
  1.4914573e+001  1.1753713e+001
  1.5231156e+001  1.0507753e+001
  1.5864322e+001  8.4062481e+000
  1.6180905e+001  7.9992276e+000
  1.6497488e+001  6.7711469e+000
  1.9030151e+001  1.6399431e+000
  1.9346734e+001  1.2068372e+000
  1.9663317e+001  1.2618337e+000
  1.9979899e+001  2.1967062e+000
  2.0613065e+001  2.2357570e+000
  2.0929648e+001  2.7268257e+000
  2.1246231e+001  4.2413001e+000
  2.1562814e+001  5.1596451e+000
  2.1879397e+001  5.7663377e+000
  2.2195980e+001  7.2197266e+000
  2.4412060e+001  1.5451129e+001
  2.5045226e+001  1.7543593e+001
  2.5361809e+001  1.8325513e+001
  2.5678392e+001  1.8003229e+001
  2.6311558e+001  1.9746762e+001
  2.6944724e+001  2.1000000e+001
  2.7261307e+001  2.0483253e+001
  2.7894472e+001  1.9762468e+001
  2.8527638e+001  1.9032005e+001
  2.8844221e+001  1.8815186e+001
  2.9160804e+001  1.7482171e+001
  2.9793970e+001  1.5334120e+001
  3.0427136e+001  1.2237512e+001
  3.0743718e+001  1.1314356e+001
  3.1060302e+001  9.9479824e+000
  3.2010050e+001  5.9442906e+000
  3.3276382e+001  1.0254629e+000
  3.3909548e+001 -1.1348266e+000
  3.4542714e+001 -2.7442535e+000
  3.4859296e+001 -2.6452023e+000
  3.5175879e+001 -4.0000000e+000
  3.6125628e+001 -2.3313089e+000
  3.6758794e+001 -2.2339287e+000
  3.7075377e+001 -2.1397213e+000
  3.8025126e+001  1.4371543e+000
  3.8341708e+001  2.1973166e+000
  3.9608041e+001  6.5333342e+000
  4.0874372e+001  1.2251601e+001
  4.1190954e+001  1.3226811e+001
  4.1507538e+001  1.3952504e+001
  4.1824119e+001  1.4919727e+001
  4.3407035e+001  1.7604648e+001
  4.4356782e+001  1.6452697e+001
  4.4673367e+001  1.5426394e+001
  4.5306533e+001  1.4488938e+001
  4.5939698e+001  1.2961583e+001
  4.6256283e+001  1.2209869e+001
  4.6572864e+001  1.0933858e+001
  4.7522614e+001  8.1520131e+000
  4.7839196e+001  7.2378071e+000
  5.0055277e+001  1.7181646e+000
  5.0371859e+001  1.7536405e+000
  5.0688443e+001  1.6623160e+000
  5.1005024e+001  1.4972254e+000
  5.1954775e+001  2.5126519e+000
  5.2904522e+001  3.9693551e+000
  5.3221106e+001  5.5989993e+000
  5.3537687e+001  5.9172489e+000
  5.4487438e+001  9.4446342e+000
  5.4804019e+001  1.1387033e+001
  5.5437185e+001  1.2953044e+001
  5.5753769e+001  1.4537011e+001
  5.6386935e+001  1.6767724e+001
  5.7020101e+001  1.8320930e+001
  5.8603016e+001  2.0176674e+001
  5.9869348e+001  1.9426437e+001
  6.1452261e+001  1.5397696e+001
  6.1768845e+001  1.3380245e+001
  6.2402011e+001  1.0828621e+001
  6.3035177e+001  8.1513467e+000
  6.3351758e+001  6.3479663e+000
  6.4301508e+001  2.8163486e+000
  6.5251255e+001 -8.7888038e-001
  6.5567840e+001 -1.9595677e+000
  6.5884421e+001 -2.4213066e+000
  6.6834171e+001 -3.0171735e+000
  6.7150753e+001 -2.9304352e+000
  6.7783918e+001 -2.6372320e+000
  6.8100503e+001 -1.9943488e+000
  6.8733668e+001 -1.1895636e+000
  6.9366834e+001  5.6385674e-001
  6.9683416e+001  2.0752654e+000
  7.0000000e+001  2.6407695e+000
